2018925170
2014818606
2014911106
2017570312
3015232077
2018562586
2012758854
2018989749
2013624806
2016816879
2018560045
3017930918
2017797645
2019822221
2017247086
3014429435
2014568355
3015241335
3017930054
3018009816
3015379172
2012065464
2019254494
2016473890
2019823772
3016758226
3015588874
3015323064
2015895351
2016816950
2019045264
2016581099
3015732585
2016813206
3012578160
2019823999
3018060814
3013430053
2019528310
3013703537
2017364080
2018738556
3017484510
3012138703
3015378478
2019217516
3012676665
2016879706
2019517727
3012374695
2018563583
3017923396
2019897769
3017287124
3017329348
2017027638
2016824653
3015234138
3012579141
3018448142
2015389743
2015383722
2018891501
3016755510
3014402815
2014231131
2015983394
3017284161
3014551686
2012331677
2019321311
3015731380
3015375524
2017797819
2018773420
3015245926
2015221392
2014912977
2016977699
3012131577
2018732421
2012811263
2016280980
3014379105
3015321128
2019269045
3013661724
2012065905
3014624202
3013433522
2015988559
3014655085
2019201038
3018006898
3014424510
2019828555
2012050864
3015248441
3015245416
2017769668
2014944801
2017591892
3012374234
2019665887
2015895571
2018980653
2018898021
3019799193
3015365518
2019046945
3014048405
2016404293
2019523048
2014917360
2012060038
2016790025
2018922052
2017571982
2018735609
2014812582
3015588678
2019233292
2012056056
2012125491
2017360990
3013056161
2017598459
3014047181
2018933926
2017795997
2016475073
3015235585
2016308460
2018952917
2016588463
2012383789
2016672929
2012066329
2012126278
2018738526
2014964833
2013629207
3016935446
3015376009
2017598145
2019266248
3016743006
3014404087
2014494083
2016865547
3016743301
2018565294
2016793848
2018982029
2019894042
2017579645
2017571173
3013055308
2013041756
2017804923
2018995229
3015237593
3014371142
2018529736
3013997813
2014493028
2017806767
2019366936
2019517054
3017282477
3015732095
2016405165
2017900526
2013040361
2014562568
2019231748
3013059159
3013059045
3018060342
3012136798
2017797145
2019204927
2012127157
2018980782
2019203694
2019236215
2015380395
3012377434
3015739259
3016723614
2014234219
3014556319
2013548728
2014230470
2016860590
2013442272
2012383770
2013045023
2019480810
2012330768
2012757146
2019273435
3014621909
3017939522
3013057251
2014815219
3016748450
2016813989
2019267682
3014409725
2013442364
3014378121
3012546380
3019963625
2018877468
2018878982
3015238051
2018873583
2018321732
2018953920
2013492545
2013047154
2018936117
2018923421
2016812403
2019529786
3014408895
2016671815
2013547779
2015894266
3017923206
2018925119
2012127795
2016674016
2019322847
3015247409
2019218918
3013996608
3017487035
2016824012
3016936521
2017809884
2016283424
3014423442
3013991366
2013442550
3017486740
2018739518
3012672611
3013027870
2017375761
2018321623
3013991142
2017728493
2016973406
2016670705
2017590277
2014235419
3012671976
2018567633
2014867794
2019366142
3015327076
3015589152
2016678293
3014658776
3017289188
2014860995
3014040574
2019939606
2016824609
3012544233
2016811178
2016819345
3014621063
2019233731
2016301360
3013706359
2019206484
2016820100
2017790640
3013057123
2015226428
3012672169
2016794459
3012570675
2019513602
2019892508
2013446356
3015739278
2018562606
3014407589
2016977518
3013260857
3012522456
3017930299
2016978134
2018931834
2014946734
2016582287
2018526959
3015582573
2016580197
2019486546
2018522321
2018771316
2019235246
2017762933
2016877448
3017485459
2014496493
3016138389
3019964513
2018981887
3015379423
2019049387
3015585177
3013262666
2018939759
2016300668
3014558608
2019215699
2019485259
2018560704
2018775828
2017721535
2017798954
3012549052
2016584387
3019797725
2013046714
2018932139
2018939683
3013269879
3018060341
2012386562
3013668906
2016672840
2014562765
3014400604
2017906748
2017720832
2017804789
2017729319
3018061246
2019934412
2014962779
3017922558
3019963297
2019665228
2016301758
3014559621
3012578621
2018327065
3014043726
3012134002
3019918263
3015362900
2016872949
2019521209
3012576007
2016676094
3016721812
3017921373
2014499079
2013544873
3015376684
3012673536
2019932294
3014404148
3013998060
2019515084
3012139498
3017931111
2018922323
3014424750
2018959696
2019049365
2015894868
2017906815
2012332663
3014652580
2018894925
3014628899
2015898971
2017904700
3012371504
2018566368
2018980385
3015373023
2012757795
3015377044
3013666811
2015225542
2019899577
3014655717
2019939044
3016750496
2016476756
3012376298
3018446319
2013494273
2019528079
3019911314
2012386342
2019545499
3014428013
2019208936
2012057029
2014565271
2018920473
2018953690
3016132485
2017794214
2014236450
3016722034
2016879567
3019968976
2018875185
2012791564
2019891134
2016871631
3015324178
3012524239
2018737097
2016829498
2016587042
2017729878
2014819374
2017729043
2019824225
2019528614
2013046389
2019935952
3019967853
2019487310
3014378684
2013046062
2019667315
3014424640
3019920847
2019663447
2018890342
3014406606
2017909886
3012371595
2017379435
3012571196
3017930127
3018009972
2012050579
2012124758
3014371600
3019960387
3012570213
2019932851
3014655682
2018936255
3019794344
2019666727
2018524186
2017571176
3017932642
3015589603
2013769575
2017762238
2019523078
2018321940
2018997410
2018521285
2018994858
2019483387
2016975150
2015893470
3014628023
3019798632
3018061711
3015588940
2017761630
2012050023
2016879143
2017802758
2019238464
2013768938
3019797025
3016937289
2016286578
3015361115
3014624172
2019664812
2012575192
2016873737
2018524060
3014427019
2012339305
2012385092
2013046887
3016759715
2014965963
2013766767
3013708326
2019527807
3013432503
2019041883
2019828845
3014652290
3015321041
3016933117
2014968461
2014969948
2017244443
2018876935
3013026843
2012067388
3014400913
2017792044
2019826404
2016825981
2017764108
3013794587
2016823790
2019218994
3014049379
2018987707
2014911320
2019369405
2018950287
2019264889
2014233776
2014233747
2014912981
2016583310
3019795834
3017936242
3019965516
3014378606
2012050586
2018326782
2019217062
3014421125
2017570628
2018981174
2016975287
3017324287
3012528257
3013020793
2018922875
3013266675
2016471018
2012795687
3013058918
2015890419
2017576583
2016584464
3017935274
3013705307
2014966953
2017799571
2016307080
3016754382
2018927671
2018986487
3018447606
3016742780
2019541880
2018383659
3012376495
3017320499
2018924119
2014560742
2017575084
2016303219
2013760886
2012810206
3016722982
2012128164
3018065414
2017377330
2012791857
2014493095
2019270368
2013048162
2014231860
3015582971
2019239098
2015380399
2014914287
3015732917
3014427611
2018952985
2016819024
2017022923
3015378765
2019231479
3015238517
2014498228
2013623810
2019239766
2016971330
3012574700
3016932488
3014409189
2019523842
3018446540
3013435516
2017591472
3012572810
2015891483
2019265181
2017371923
3019966042
2017023070
2019042102
3015322367
3014620035
3014557409
2018770399
3014624376
3013051422
3019960124
2019527552
2013543500
2019527208
2015892102
2014963902
2012790550
2015980877
2019663844
2017801277
2019276903
2012752275
3013998523
3015370357
2015983742
2012813281
3016932765
2019541886
2016670345
2014865387
2019529215
2018933077
2017573723
2012125281
2017369576
3019961581
2019259768
2017763220
2019044748
3013663820
2014946739
2019512150
2015898320
3014625882
3012674525
3013261014
2015897584
2016979404
2018982706
2018994891
3012527016
2013443669
3019798451
2017026893
3019790492
2018736691
2015899369
2019322016
2012576424
3014373037
2019262084
2017245562
2012814525
2018920348
3015361990
2018528191
2019547478
2018525386
2018772185
3018004912
3016935863
3014403054
2018324877
2016582565
2018894902
3018440911
3015247137
2013495401
3012525918
3013050972
3018064889
3015372846
3013438212
2018959561
2015386089
3014043550
2016866899
3013796886
2019543775
2017722793
3013705326
2013547514
2016873760
2015891644
2016582700
3017921956
2018999483
2019209680
2016306844
2012791360
3015244799
2016288246
2017572025
2014860046
3013437708
2017808986
3016748790
2016678456
2014942738
2016874113
2014496957
2017029665
2016677100
2019662441
2014861538
3018009558
3017939985
2018328357
2017029295
2016796253
3012675431
3014040666
2012330088
3014626218
2017572527
3014045386
3018067174
2014861451
2016970194
2019235124
2019482790
3017929530
2018952377
3013050735
2016671858
2016300996
2018734354
2014912051
3015370810
2017726719
2018994336
2019667066
2018936762
3014622740
3017482774
3018067371
3012548953
2016796556
2012796429
3018008298
3012679379
2019275865
2019323642
2018732730
2016677217
2016479283
2014912532
3014373825
2017027161
2019519195
3016742814
3016135072
3012131908
3017926894
2016974176
2019232501
2014948432
2017793103
3013702497
2016309317
3013707567
3012139447
3017936059
2013767770