2014308563
3016762960
2014126009
2017093683
2019104193
2019871736
2017153464
3015037333
2015190566
2012180252
3016461540
2015325720
2012667005
2019814438
3014014509
3014122545
2012207379
2018514519
2014171928
2018055081
2019738835
2019604270
2014124372
2017494745
3016599031
3016467653
3012665802
2017490039
3015354479
3019647261
3015509261
2015064830
3016559035
2012861765
2019141365
2012863685
3017303588
2018888735
3016594030
2018004924
3016530185
2013150088
3016599957
3013323205
2015138800
3013851853
2012341054
3012195260
2017067055
2015069007
2015392073
2017380770
3016485598
3014501233
2018004429
2019249243
2014661528
3013855017
2014171513
2014067424
2013102165
2012314121
3013312604
3013189324
3012473860
2019107622
2018888014
2012087765
2016503164
2013148864
2017076221
2014042281
3018142111
2016684206
2019122767
2013036715
2017492282
2012087451
2014506386
2019183583
3012191036
3015012406
3015355753
3015503255
2012286361
3014014910
3013468672
2015397074
2018269588
2017748728
3016673185
3015268323
2019705690
2012532541
2017552431
2014159666
3019645271
3018141907
2019705929
2013036924
2013155236
3019061865
2015196201
2014303996
2018817477
2012565375
3015972272
2018888826
2018819139
3012666063
2016508708
2013151023
3013121696
2017092664
3015019716
3012197415
2012457631
2019243073
2014500605
3013124615
3016603223
2013035034
2013157239
3017306358
2019188919
3015505209
3016978488
2017076095
3013461851
3016739900
3016769779
2017235248
2018813963
2014154915
2014046859
3012044169
2019245118
3015264866
2012907134
2019735869
3018145132
2016575873
3015085031
3013188190
2012311743
2019702433
3018147390
2019818897
2016376049
2018590301
2015390913
2014781679
2019146518
2019241525
3012664260
3015503298
3013852291
2015137609
2015192356
3017424967
3013356340
2012103428
2019140039
2012669687
3016617551
3015038311
3013184629
3016737190
2018007516
2012202904
2019491673
2019104128
2017078743
3018252069
2015324678
2012288218
3012475563
3015038860
2017749823
3018149332
2014542614
2016376129
2018882868
2019146724
2014178581
3014010011
3012020596
2014192315
3016730104
3016482265
3012045870
2012906978
3012478363
2014699676
2013155484
2013128752
2016680409
3016610061
2017383189
2013030958
3019193020
2014197236
2015323868
3016488549
2017499609
2016687240
3015267922
2019653445
3018254395
2014300423
2015196067
3012023674
2017381192
3019199160
2019129811
3015977255
2012901034
3012027877
2014304703
2017384601
2012456972
2019877408
2014194814
2017239722
3016483943
2016500995
3013122142
2014422199
2012943770
2012284328
2014780071
2018595505
2012895692
2019120689
3016975490
3019061891
2012206087
2019126009
3014127433
2012898084
2019496625
2017158645
2019739020
3016338566
2014062508
2017742773
3014502734
2016509524
2014423755
2017495777
3012753188
3015356699
2019165015
3017302816
2014125640
3015264097
2016685173
2013030357
2018007771
3015977849
3013467068
2012863320
3013351013
3015264344
2014174666
2013030900
3016484988
3017423326
2012942545
3015292306
2014123051
3012211433
2016371498
2012901597
2016743194
2019146000
2018056982
2014694411
2015399109
2019128397
2012861588
2016749706
2017072788
3015082134
3013859912
2014695787
2018811282
2017455356
3013319032
3015298964
2015199939
2014668888
3016673920
2017078824
3015267569
3015357502
2012187952
3014124549
2013124279
3012043569
3016670473
2017479878
2012664600
3016550558
3014502629
2016689602
2017551166
3016423196
3015086368
2014065041
3019197519
3016488169
2019185070
2012949589
3012759114
2019183164
3016611500
2012560337
2015469418
2012687683
2017741386
2019187928
2017153272
2012562008
2014069677
3019643398
2017387737
2012187077
2012183112
2018512514
3012210894
2016501645
3015083006
3018259429
2018052357
2014784205
2014158313
2012183690
2012685501
2013158428
2017450481
3013120541
3019105157
2015278595
3017423218
3017425198
3016730598
3014129457
2016751803
2013159663
3016425659
2019183072
2012869779
3015015704
2014304268
2018595928
3015019816
2018262713
2012864307
2014176998
2017744023
3014124673
3016599703
3012016776
3019100331
2016502753
2014063182
3019197237
3019103269
2019130991
3013311546
2012530008
2012684416
2014424385
3018254883
3015269538
2017386764
2017066071
2017099430
2017157932
2018267552
2018812291
3012471515
2019652172
3016601490
3016765082
2018591732
2018516203
2019733609
2013234332
3013356073
2019818708
3015380146
3016602565
2013233926
3013181006
3013854479
2014128889
2016501981
3015503732
2012892807
2016757794
3019060130
3015089293
2016575395
2016373348
3012663076
3016534396
3017421586
3016730420
2012585897
2014786330
2019872816
2012587483
3014019509
3012751646
2017455909
2017454166
3013322624
2013120593
2014694747
2019142416
2014304319
2012583869
2019494129
2019810872
2012689886
3019191709
2019183078
2015061471
2016577112
2012315616
2014668465
2018516378
2012107373
2013125486
2014423607
2018597239
3017306536
2014159062
2019142645
3016532949
2018887171
3016769253
3015359449
2012586253
2012285663
3013311835
2017153214
2013122029
2014171390
3013129815
3013319498
3016553530
3015979315
2017456489
3015038771
2019136908
2016371399
2013122189
3017421899
2012531809
2017555211
3012211900
2014693930
2019730099
2019703445
2018815291
2018810099
2015061381
2016754354
2019135606
2019142242
2019815028
2013237146
3017424995
3013352253
2014040234
2019240080
2014507273
2013141618
2014695904
3019067913
2018050037
2019163605
2014152470
3015012428
3013855761
2019107158
2014064795
3014014861
3016469009
3012011290
3013460561
3016553687
3016460359
2019609816
3013310741
2016686620
3015502930
3016679893
3015033379
2014190512
3013121887
2016747048
2018818802
2015275368
3013329968
3012194525
3013356311
3014011996
2012181041
2014541015
2018004776
2012104780
3014508103
3019061565
2012583878
3014120948
2014503581
2012687572
2013153534
2013129097
3014013749
3013320546
3013122416
2012347322
2014506091
2012182509
2015322156
3014017076
3013120779
3015383439
2018885575
2014049550
2012141567
3016555532
2019140845
2014192405
2015325758
3013180773
2019146973
3017304974
2012560446
2017743653
2013101741
2019242565
3014501397
2019709448
3016600932
2013140071
3016559350
3013322484
2014667834
3016425294
2014305925
2015192202
3016550785
3016426419
3016738487
2016571883
2015061135
3014123991
2019651196
2017097773
2014425554
3015268090
2013039276
3012470810
2019102230
2016573447
2018267701
2014068074
3016557753
2019815448
2017555872
3016480087
2019122739
2019879329
2018054682
2013233371
2019603430
3016463526
2015193143
2012107148
2012904668
3015503314
3015017828
3013316602
3016485840
2014048595
2012581525
3016553939
2017384506
3013460591
3016536649
2014060891
3015506668
3013359682
2014170498
2019651917
3019064962
2012280779
2012286372
2016751748
3015268150
2015323741
2015063492
3013857679
2012203404
2014152942
3012045669
2013123838
2014669203
2014157396
2018518230
2014068314
2015062633
3012471686
3012025831
2017066499
2013109206
2019185975
2019496944
2019147917
2014154179
2012085279
2014781469
3013469800
2019497415
2012584335
2019738766
2013146676
2019242789
2013121399
3013850615
2012536004
2012454401
2014697977
2018057114
3013123553
2017094245
3015031124
2016503123
2017096271
3016975724
3016552067
2012203085
2019492974
2017061554
3019643002
3016331877
2015190765
3016425258
2014426614
3015012520
3016467845
3015353505
2012457209
2012948558
3012665830
2017473518
2017232108
2019702130
3013856186
3016608749
3012028408
2014669518
2019166761
2012084419
2014305741
3014124752
3013857794
2012891587
3018149443
2017551082
2014123121
2014669772
2019140262
2019168580
3016973715
3014010688
3015507038
2019188490
2013100606
2012862566
2019244571
3018257978
2012346571
3015264395
2012316661
2016754522
2016681145
2019606480
2019248180
2015194801
2012682588
2018883528
3014014217
2015193522
2014660215
3013181707
2012687185
2012105629
2012899504
2012896867
2017557011
2018516818
3019194816
2015065809
2019733743
2018055094
2018007788
2015195916
3012757867
3015978156
2019145424
2013141181
2015062052
3013461458
3016489660
2019738770
2014156199
3016594812
2014429116
2012455467
2012088197
3015013265
2017060045
3013460600
2012897051
2019602710
2012313418
3014129813
3019644053
2012949904
3017422688
2014303571
3016537645
3015261302
3012216909
3012212575
2015469340
2018056146
2012944791
2014047563
2017064993
3013315743
2015277782
2016375199
2014156739
2016683232
2012684836
2012280022
2016686708
2017559994
2013140417
3013857960
2014120130
3015357671
2012947602
3016601711
3014503207
2012906274
3015261986
3013356894
2016372956
2019495522
2012902515
2019144404
2016681487
2013150308
2017746983
2014157550
3013311196
2018516980
2012564608
2017065548
2014665054
3013358557
2015137787
3018256926
2015272356
2019810624
2012667195
2017069983
3014505080
2014421180
2012209020
2017159585
2014304417
2015270529
2018811930
3019101181
2016746915
2012660536
3012024825
2015461252
2012890339
2016746055
3013329918
2016655906
3013329138
2012143046
3016730697
2019244476
3016599049
2012897157
3012758035
2013128494
2012943568
2019656616
3012026881
2013150714
2012568485
2012907320
2019162214
3013327522
3014016596
3013355232
2015136391
2018000919
2018882360
3015505938
2017154350
3012047235
3012667480
2014306884
2012666436
2014156045
3019645964
3016765573
2015065025
2014422652
2019605737
2016659242
2012665926
2019814010
3012216532
2012586256
3017428019
3019106821
2013031489
2018260182
2017388370
3012473988
3016672301
2018593038
3015086443
3019649459
2019188800
2019872543
3016532900
3016972992
2012084950
3013181683
2014179168
2012897544
3015384465
2012206153
2017060271
2014158869
3016677424
2014507066
2012456485
2012560026
2016658053
2017474128
2012531506
2017746607
3013854477
3017423238
2012452444
2012142141
3016466569
3015030843
2017239669
3016554280
2016506882
2012084608
3016593698