3013625468
3013601118
3015930111
2013581253
3017847393
3019807168
3018266420
2017288578
2012227930
3016031509
3016401915
3016276192
3012531894
3017313022
3013808776
3014760222
3012080034
3015830120
3017458169
2018189959
3016990087
3019317028
3017455193
3014149130
3015186212
3019518591
3015050007
3016042540
3015334626
2019335459
3013804200
2018941530
2012643251
2016015123
3017358622
3016243222
3015744840
2019394240
2017032674
3019830945
2017506839
2019283505
2012493556
2018048318
2015725943
3012747850
2012843275
2015474248
3013340425
2013028590
3013735379
3013676548
3017171659
3017591097
2019551227
2013722504
3016147457
2013071641
2014623663
3016983940
2014396997
2019359691
3013257447
3019783786
3017851776
3015968398
2013640650
3018654361
3014154896
3017139767
3015719548
3012709336
3016033714
2016189534
3012795812
3012991213
3012274395
3019477594
3019137971
3015073783
3019211406
2019698830
3016324751
3016884394
3018798598
3012038808
3018391116
3014141963
2014761419
2015877432
3016887666
3019721923
3018245439
2014615914
3018037567
2017951364
3012101032
3017759998
2019947503
3014265154
2014339728
3017342057
3018039947
3017595537
3012640062
3015955589
2016700052
2016895327
3018564159
3019431027
3018721870
3015074177
2014398195
3019873285
3019566988
3019473627
2019349532
2017224913
3013984052
2019630690
2014768610
3019937920
3013960419
3015287067
2019433229
3012064896
2015934316
3013932601
3016064732
3013163189
2013273146
3015708048
2012236516
3016813213
3012462906
3018652664
3018734678
3014267156
3016449357
2015364101
3019844572
2012070142
2012240052
2012647136
2013686901
2014876833
2013636083
2012417025
3017967582
3014886667
2016006378
2018403532
2015125717
3014209223
2013136985
3012089108
2015034007
2012002594
3019182985
2015410571
3019942314
2016157184
3019244595
3014321202
3019953115
2018376860
2019670123
3017876314
2014534140
3014815016
3014701126
3013521056
3017648386
2015121290
3015028013
3013981906
3016809928
3012413602
3016521724
3014762759
2019677943
3015120243
3019405779
3019300293
2015681222
3016383813
3014924397
3019954295
2012294062
3013881024
3015856802
3017758445
3018691200
2012516160
2015677758
2017124252
2019150364
3014526841
3019722659
2019431512
3016039794
2012168245
2016315635
2015012939
3017388912
3014731450
2015804255
3018605961
3018194438
2018660159
3014499631
2015478642
3019858018
2015054713
2016701881
2019695479
3017028951
2019880560
2015575498
3015642994
3017709055
3019037730
3016570530
3017168758
2015925644
3016039993
3015597973
2018199518
3014438220
3016682947
3018959274
2016569796
2018626790
2015018102
3015833020
2013396171
3018991330
3015621899
2013872581
3014905555
3014224155
2013329382
2015571424
3016493172
3019327221
3015491165
3016311392
2015834859
2015925677
3014889684
2014018390
3016023560
2015504318
2014418600
2015692214
3014380207
3014898140
3018848503
3017885146
2019835841
2018049414
2013681256
3018170443
3014166075
2014806411
3015948141
3017402157
2014705429
2014988581
2015566248
3018018635
3012535579
3018027684
3018150442
2016530794
3017044033
3014721848
3019282954
3014938412
2013868136
3015402587
3014336837
2012602513
3019426764
2012518838
2019988211
3017669960
3019086379
3019774594
2015879203
3018550965
3019021181
3016072956
3014831142
3017065747
2012365208
2018373331
3012510801
3019125917
3017635154
2012076637
3016490737
2013133415
3012539187
2012843838
3019677279
3016192127
3013092765
3019225883
3019941332
3017869553
2019789194
3017085290
3012143695
2013647840
3016623235
3013970051
3015985638
3017179798
3014534903
2014474537
3017160151
3013009572
3018798778
3016875173
2019995474
3018853987
3012414156
2014590366
3018849552
2015688846
2013983048
2012172690
2015571538
3017082694
3019357716
3012822895
3015499176
3018380451
3017059135
2014574603
2019355657
3012791593
2018545273
3013606015
2012711323
2014590659
3018273659
2013215072
3016510380
3017166105
2017600268
3019222762
2018672511
3012643438
2019649019
3016641936
3017527337
3012745321
3015901412
3019339498
3014543552
3016170019
3019522842
3017400535
3018817626
2016513557
3015999860
3019844898
3015451181
3014198564
3013551992
3019466105
2013948528
3013101893
2013689004
3012853762
3018386826
3017694632
3018951161
3014538003
3014260067
2018250247
3015139729
2013739337
3018965320
2018043306
2019741748
3012450912
3017545738
3017211370
2015831822
3017754474
2016354559
3016540366
3012389520
3014418354
3014936326
2016855742
3019825089
3013978814
3017216892
3016266060
3014135560
3014496488
2019356590
2018604252
3018839841
2015363973
2012657846
3015288280
3015596026
3016802922
2016017810
2019634560
2012136400
2019311606
3014475719
2015586224
3017719744
3019466341
3017235852
2013070070
3013452048
3017704022
2018285414
3018510898
2012464409
2012228759
2015038708
2019333795
3015524339
3018078037
3014612719
3019070718
3019531171
3014435220
3012123120
2018913254
2017843738
2014801345
3013932173
3019187145
3013968278
3016996038
2014606503
3019671420
3017586420
3018099597
2013435718
2015720149
3016659666
3018561683
3019628738
3013603360
3013496930
2019465744
2019979354
3014612978
3018582331
3017949750
2016664412
2018627214
2019635345
3016957237
3014895603
2018012302
2012134401
3018776689
2019990298
3014305243
2012098148
3012468219
3019980640
3013132991
2019785526
2014874987
2017607196
3015155323
3018793654
3016892858
3014894375
2015608376
3013557516
3017165821
3017336621
3016178151
3018154653
2015769420
2016729803
2018637719
3019043568
2019191870
3012990328
3018016997
2012883981
2012620369
2016006090
3014266905
3014574073
3013533875
2013298591
3012230939
3015078604
2015309638
2013739387
2018277539
3017291654
3016193803
2014619083
2019696954
2013064086
2014335142
3013107879
2017986257
2019411685
3012147685
2015361296
3019217285
3013200632
2012250368
3014362525
3012945206
2018760849
3015672046
3019165743
3016084166
3014660227
3012927415
2014594117
3015704721
2017955714
3016504559
3013364284
2017228901
3015876532
3014784815
3012062067
2016853554
2012633443
2018918071
3019017488
3018027807
3012347577
2015125302
3014006112
3017738425
2015240853
3015802498
2016520669
2012600899
3016029779
3015799421
2012072822
3017673152
2019385631
2014809915
3017147231
2016720070
3018437909
3014311742
2014053623
3014606607
3015714586
3018874427
3013947342
3014022479
3018662904
3014024722
2018365981
2018968092
3016572483
3015985651
3018016596
3018393695
2017505731
3013673853
2014358357
2019343730
3013966924
3014205437
2018433477
3016070592
3019252704
2013952335
2015679952
3018362053
2014751415
3013413440
3014278047
2013391962
2013065255
3017371139
3015986599
3014938036
3017389494
2017308930
2018036619
2019649779
2019637110
2015336705
3016784094
3018050928
2012951158
2013333479
3017877402
3018924558
3012942983
2017304515
3014346642
2017603802
3019353336
3019986656
3013366878
2015565031
2019341129
3019976683
3013948276
3016959012
2012630232
2012642215
3013679631
2018195450
2017587306
3018458957
2018160543
3015865096
3019216579
3015817544
3013718603
2012431905
2016805365
3014544260
3017391796
3012856729
3013422601
2013900797
3018915730
2018473218
2013338897
3012179334
3019139286
2015998258
3015289913
3019407831
2012278153
3016995465
3016447993
3015528399
2013305184
2013697559
2018273175
2019989078
2012638096
2017881793
2017987429
3015741103
3015527582
2012278196
3014020582
2015670583
3018241869
3012701076
2018256358
3013164231
3014081532
2015562612
2015317465
3012360855
3015720238
2018417340
2017914851
2014107255
2014467499
3019044776
3014733125
3016430276
2018715997
2016566243
2018724371
3014448668
3012823551
3014133155
3019524791
3018079607
3017911688
2017174941
2017667316
3019869390
3015487559
3015490093
2016800888
3018387175
3012340781
3019225738
3016946121
3014937199
3013602826
3014244297
2018746851
2015760430
3017513200
3018739356
2014139793
2014750395
2013871947
3018529594
3019241670
3013537165
3012588028
3014346076
3012515420
2019690070
2013849404
2018233235
2013702346
3016811460
2016859928
2017178703
3016866809
3013425355
3014958252
2016629674
3014891442
2012595187
3017911209
3016070559
3015649685
3018727789
3017406252
3012297499
3012704069
3017364184
3012480963
3015704538
2015570006
2018417828
2019002835
2017682185
2014362236
3019985468
2019970327
3019891781
2013297694
3019906050
3019297904
3014266171
3014413599
3018408411
2016161195
2012232755
2018183566
3019722349
2013418656
3015185429
2013371549
3013732560
2018475534
2018647304
3014744920
2012405370
3014267950
3014874403
3014261296
3019211837
3013912174
3012514224
3014216722
3013472826
2014526717
3019902699
3016038319
3015674923
3017189866
3018249636
3017708829
3017510818
3013138983
2017986672
3015445271
3016694722
3014805192
2014388885
3019045543
3014616582
3018742771
3015176724
3016034215
3015452018
2018289888
3013747597
2012491036
3012491599
2012091438
2014612171
3014177044
3012104947
2018175811
2012098925
2016951031
3012596039
2015671952
3015457893
3015527795
3012209457
3012436054
3019048784
3015929095
3013524676
3016040525
3019958830
3013550923
3019902677
3019843372
3016197591
2016648801
3017213246
2013419803
3019625430
2018584058
3012105195
3015226497
2017954254
2013630089
2017148466
3013606868
3013943126
3017183278
2012234140
3014417124
3018543895
2019680030
2014612011
3016413116
2016844122
2015447342
3013966122
3019297221
3017318266
2015473712
3014695860
3013512863
2019304909
2014345498
3019344028
2013859541
3012946676
3013076613
3015855312
3012342607
2013074070
3016360183
3018342867
2017612291
3019671772
3012050306
2015121081
3013253468
2017618336
2012641945
2018036870
2013695292
3017672772
2013945473
2016534742
3016034930
3016146465
2018635908
3017532032
3018246606
3017639163
3012104230
3013447293
3015644721
3014072038
3012860027
3019993349
3013348168
3017909062
2015293390
3018317024
3015199235
3013475923
2012606586
3013305410
2016898616
3018277187
2018049077
3012609083
2019998727
3013551341
3014766747
2018505874
2013482944
2019884802
3017368303
3016415753
3013961453
3014369667
3015338570
2014750194
3019992677
2018435316
3018058232
3018439460
3018855516
3012330956
2013303399
2012291440
3019783766
3015797434
3017696951
2017298498
3018383395
3014476952
2014471259
2015307027
3018682923
2014017871
3019355768
2012328122
3019946228
2015072019
2012608109
3013424533
2019858629
3013203621
2016180560
3014359182
2016109070
3013605385
2018628687
2015290073
3016147917
3018268147
2013062828
2013871722
2015052961
3016800138
2013954709
3018978360
2016958571
2017972416
2018473900
2012234020
3012383842
2015299948
2015681858
3015859480
3014297055
3013961727
2013912768
2018949021
3018682251
2019313255
3012469183
3019984773
2012477346
3018912952
2016561818
3012589925
3017404043
2012693378
2014459227
3013596427
3019856558
3013713848
3019490538
3016393470
2018301556
3018935405
3019261360
3016502054
2018912435
2013883723
2019675895
3012716112
2012427325
3017791167
3015078307
3018587208
2013390209
3012465000
2016958726
3017635917
2012648005
2014938711
2016896015
2017171772
3014000837
3017222732
3018656071
3012995042
3013440464
3015172472
3014136033
2015833815
3017546719
2016786458
3013716161
3019122865
3015647390
3019391308
3014576434
3015790626
3019840244
2015039562
3018774905
3015646127
3012650176
3013527429
3019344732
3013912917
2012363997
2017956939
2017844443
3014274536
2013944158
3018798072
3015289451
3017948806
3017827203
2015447034
2014188566
3016529755
2019982633
2014521947
3016541743
3018454983
2014013381
3019832533
3016959235
2018020455
2018549804
2017667280
2016021560
3012166479
3019832445
3013985929
3014413210
3018076477
3012519052
2012887258
3016701879
3017182185
3012262118
3017917390
3014962097
2013928482
3013578488
2018259923
3017491224
2017663090
2017291528
3014951707
2018257161
2019635799
2018203947
3018956565
3018553712
2013859265
2016849344
2015363388
3017060184
3013333786
3012714321
3012337005
3019424209
3015857290
3019162125
3017026280
3017648505
3019283453
3018656632
2019062437
3012649999
2018488729
2013176863
2012881020
3016050036
3013675263
3013199627
2017661061
3017873754
2014222821
3018465562
3019906001
3012125435
2018458745
2012407489
3018985385
2018026396
3019050723
2014007106
2012870635
2015218061
2012503016
3016988644
3013539216
3015895297
3018277908
2016786318
3015405529
2013941351
2019994555
3013757051
2012472154
3017737821
2017225745
2012160540
3017595916
3013958917
3017703437
3017707339
2017879210
3017722793
2019454156
3018266089
2014338601
3012829370
2016171095
3012972156
3019460636
3013300247
2015015927
3019547711
2017121938
2014896273
2017829295
3017827705
3013517693
2018284284
3016062144
2016524174
2015014229
3014359401
3019637219
2018667839
3016312651
3016638620
3013459444
2018455572
3016629430
2012398817
3014036333
3014369276
3019463456
3017066541
3016404922
3016868014
2015949119
3012620295
3015051165
2015991962
3015197998
3018271608
2016343398
2015446732
2012492750
2019691419
3015286950
2016029703
2015689040
2012270925
3018192470
3019393886
2018238198
3013528234
2019437620
2019448248
3013604129
3016509964
2012238363
3015865592
2017616347
3016001242
2018421583
2015808782
3014151685
3014381592
2014389140
2018650237
3014979383
3019461268
3014948277
3017870301
3015120049
2019906027
3016211761
3013969406
3012796015
3017183539
2018969698
2012405736
3012792084
2018379823
3016863216
2017125262
2018076014
2014464147
3016808634
3017902143
2015682308
3018998712
2013723076
2015684333
2016004938
3017446553
3017746557
3014872196
3017374513
3015948877
3018943544
3012178986
3016195620
2019066850
3018425292
3016980475
3018366743
3012995235
3018838981
3013076076
3018161774
3015403482
2012271174
2014404858
2019461529
3014032952
3013745101
3013598700
3018080894
3018421867
2019534575
2018338781
2015938687
2017681971
3015187376
3019624566
2012425639
3017456901
3017735800
2017887840
3012268335
3016196287
2017987815
2012411605
2015291172
3016520460
2017925423
3017912845
2018690574
3016514626
2017034667
3013978894
3015277359
2018146210
3012282799
2013868824
3014185765
3019214686
3019263124
3013159584
3016309876
3012972241
3012613693
3015661735
3012336189
3013947570
3016446919
3019225645
2015446599
2019443187
2012326711
2018652230
3018482134
2018837077
2018274660
3018195141
2012436385
3018947503
3018950684
2019786381
2019065190
2019376220
3016438724
3012345413
3013158766
3015830482
2017304565
3012291626
3018895263
2017827501
2015802351
3014786504
3019955603
2017524987
3013697407
3013826085
2019834532
3019436095
3016320958
3015131362
3019627148
3012344352
2012956103
3015684190
3016512753
2014874995
2015316736
2018046549
2016716644
2017976476
3017370109
3018984757
3019210857
3012263433
3013106022
3018038165
2013936621
3013228607
3018054829
2018270204
3018928119
2013920406
3015440224
3014456843
3012597146
3019310781
3015662189
2019281359
3015489891
2016460693
3014000492
3015728132
3018511124
3018523852
3015980507
2018967326
3016493765
2019411589
3012992522
2015304502
3012649549
2014591122
3019134540
2019550149
3019301907
2014348998
2019836211
3017168137
3014815985
3013557989
3015956881
2016511777
2018940872
2012131601
3019874192
3013760635
3014415032
3013534455
2017926740
2012801378
3013606589
2012470949
3019807338
3012554934
2014073251
3018519821
2016891644
2016911851
2018915750
3014215038
2018682846
3018021058
3019345285
2013889321
2015926937
3017735769
3014932934
3012796558
3014696028
2012715655
2018647074
3015906433
2016920514
3017437486
3018846857
3016821450
3015670906
3013477146
2019745125
3019303783
3018367241
3014978721
3012032860
2018176776
2012604993
2017603671
2019096296
2018431305
2015733294
3016893472
3016494366
3017747554
3014981236
3013408146
3013927890
2017170505
3018654684
2019063728
3013164602
3016243218
3018728237
3017748775
3019806878
2019451892
3015699230
3013951974
3012625239
2016385082
3015056502
3016078770
3013452855
2016262247
2016128233
2013911733
2016004608
3016511724
3016506373
2013302279
3013347286
3012858474
3019034780
3019957558
3012062296
2017173746
2018280038
3016641503
3019619783
3018855488
3013344671
2015958093
2018676331
2012395745
2019646858
3017647811
3014925189
3012436112
2012402363
3016636144
3018996317
2012491227
3016620244
3017532776
3018315524
2014700720
3018627503
3014615238
3017587013
3016496638
2019387711
2016159950
2017505108
2014886042
3018515190
3014525251
3018520384
2019904910
3016694073
2014768172
2012514965
3012036747
3016099093
3017051206
3017339996
3019756099
3019806218
2019154726
2012224966
3013512669
2018424604
3018912842
2016261792
3015702285
3019335644
2018609153
3016173549
3012206494
3018810389
2019867982
2018719297
3012596818
3017875884
2012602851
2018034581
3013756362
3012203975
2012479715
2015077815
2013395854
2019998596
2013299631
3018051086
2012842826
3014510832
2015938044
3016579344
3012808472
3015046796
3012061396
3012039708
3016504855
3018701030
2016567452
2013879157
3019725498
3014396662
2019676023
2012095635
3015640219
2014630403
3016994732
2014201053
2017911568
3013594732
2015805558
3014418493
2017921760
3012490678
2018543673
2018969345
3014291485
3013989274
3012053141
2016006593
3012807060
2019397234
3019296301
3013804314
2015950471
2017121799
3016196662
2018697285
3012796784
3014411740
2015508853
3012163000
2019415302
3019212428
3019538735
3019905480
2016021974
2016125914
2016163489
2012462507
3018655358
3019873029
3017057689
3018469425
3017441329
3019246212
2016842022
2019337526
3014673337
3015633375
2013587029
2014414398
3016985821
2018831224
3013093492
2019387115
3012992547
3018260557
2013139084
2012471934
3017461538
2012518569
3017242939
3016524033
2017031463
2014597213
3014022339
3017647796
2017974758
2015632309
3015590851
3015046040
3017392482
3017859850
2012445066
2017944454
2018943933
3012121632
3014198166
2014880583
3013472392
2018947658
3015093951
3014579238
2015940980
2019941916
2018438729
2014351728
3014785603
3015969396
3018680270
3019833742
3012288559
2013915493
2012226019
2013907865
3015924111
3018628458
2019551692
3016541584
2012465269
3015457889
2018278686
3015954576
3015227463
3018437458
3016828541
3014456626
3016066838
3019044833
3019469971
2016891648
2015839121
3012716869
2016625121
3019286383
3016246139
3013497557
3012857968
3014991067
2017885723
3019308671
2012255471
2015572004
2019838001
3018546811
3019788741
2016516725
3017629144
2018716647
3014294657
3013347474
3014252822
3017242926
3018796038
3015929571
3016440641
3016093464
2018281051
3014718521
3016244403
3012272614
3018977312
2013870143
3018071008
3013493975
2017709392
3015338302
3018053241
2019464286
2019749117
2014510395
3013247268
2019193266
2017680738
3019993072
3016570659
2019306416
3017254474
3013510046
2018235765
2013277002
2018436903
3012658395
2013730965
2018191831
3016292548
2019385325
3016958997
2014702246
3018983344
3014359387
2016800504
2013871648
2014361829
3019025779
3016261224
2015943314
2017669025
3014287763
2012624847
3015650661
3016256664
3013912944
2018022632
3017802830
2018549258
3014365075
3014448206
3012342254
3014348559
3016077988
3016090846
2012715821
2015532348
3013718395
3015647471
3016022863
2013481649
2019900085
3018608468
2018363055
2015070115
3016647209
2019855060
2019443664
3013949407
3014812844
2018025038
2013095361
3014185396
3015457427
3013551872
3018454760
2019747646
3017348879
3019223052
3019126241
3018912021
2012004389
2019954245
2015472244
3013528171
3016270753
3016305816
2017305481
2015685936
2013644848
3012719552
2017397730
3013517322
2014330302
3015206054
2016318950
2014751701
3014610272
2014470233
3017621139
2012480816
3017319091
2012848801
2019832004
3014756765
3019187138
3015446790
2017396412
3018099219
3013718213
3017313139
2016128787
2017702141
2013460218
3017061382
3013529556
3015098741
3017354486
2015296516
2014605214
3012275496
3014031813
2016788831
3016819135
3018520067
3016264287
2013645059
3019860486
2012362438
2018179441
3014902576
3013861476
3016803678
3019435214
2018409848
2019904317
3013958076
3013935479
2012071833
2019836671
3012796841
2019869580
3016177913
3013502398
3014003704
3014364348
3016102330
2015688881
2019741494
3019513545
3017293668
3018245770
3019822500
2014700018
3012095131
2014578560
3019517345
3017772646
3012826492
3014602899
3016298722
2019697593
2015501424
3016686043
3019082255
3012610292
3016957557
2019675917
3014788673
3013423767
3016146591
3019709736
3017531741
3017085776
2014407355
3016406675
3014469918
2019883282
3012937112
3018365510
2018303148
3019425394
3012922637
2015803336
2019996060
3014039016
3019396026
3012749095
3012779991
2013942444
3014142926
2014399306
2015879809
2017921981
3014438430
3019702422
3016031412
3018608496
3019808910
2015728929
3014871970
3018456431
3019904083
3014262206
3019700125
2018585522
3012235008
3018399403
3015957469
2019192186
3012636012
2015603152
3018643673
3019335673
2017912302
3015270278
2016788810
3012282772
3016652319
3015664581
3017648477
3012710272
2014103085
2019673717
2012401205
2012325512
3014479432
3015400380
3013941696
2019003923
3014430300
2014227389
2015251888
3013948202
3017750756
2013193260
2016563726
3015744939
2018239076
3014931827
3014228635
2018717272
3015786142
3013156584
3016630759
3014331916
2019746418
3014787800
2013174429
3016882889
3012169214
3016192423
2014016292
3012316256
2018501659
2018181187
3015829683
3017730276
2014405354
3019789827
2016382310
3015455996
2019887439
3016875141
2013690932
3017230334
3019392400
2016517586
2014529437
3018630295
2013952506
2013170046
3014810925
2014355594
2018604366
3015669158
3014802455
3017526725
3017735338
3017178942
3018728846
3017050447
2013939539
3014305842
2013422605
2019903562
2014447302
3013078535
3017465293
2018029142
2018451709
3015406901
3018968625
2017279605
3012633700
3018471622
3019057563
2018276951
3018794657
2015256293
3012341641
2015308705
3018270275
3012516806
3018017551
2014753109
2018142033
2013480560
3019167740
3016820431
3012600036
3016820799
3019480131
3016512834
3016216406
2016775996
2012967781
3014265533
3017641867
3018996786
2016017481
3017852341
3018547733
2012268711
2018835156
3012977723
3012493912
3013941895
2014526459
2018339967
2018679878
3014661422
2015932374
3018733279
2016715865
3017086439
3018313615
3015674181
2016529553
3016053324
2018158075
2019196538
2013253117
2017688980
2014380287
3014647486
2018833751
2016712180
2018488453
2012511556
3013308776
3017867726
3017435865
3012934283
3016318807
2015929954
3013501344
2019313095
3012262374
3016011749
2015808672
3012946612
2014805446
3016300112
2019468587
3018382588
3013883359
2016025671
3016698872
3012307230
3014733127
2017032029
3019358340
2012509466
3018381351
3014414812
2017873039
3018291278
3014023730
3019755980
2015318860
3016194985
3016690093
2017615683
2017413789
3012092397
3016871838
2019953178
3017700257
3013874338
3013061781
2013919099
3014185820
2018361718
2019026140
2013647047
3012907287
3018274596
2017950689
3019241139
2019864286
3013337452
2013858667
3018812458
2014607678
3017843841
3013937780
3019953064
2018608640
2015300104
2019682694
3018945542
3014630101
2014934830
3018925419
2013395393
2019020378
3017845342
2019009291
2016927157
2012264377
2018279095
2012483531
3019784868
2012226969
2018648068
3018317843
3014078004
2017299430
3014357780
2015727251
2018472117
3014215403
2015072757
3018525002
2018462975
3012466356
3016494337
2012364555
2019963908
2016780920
3015128402
3014491507
2016713639
3014740176
3017348466
2018607290
3015215853
3012344851
3019373968
3015170109
2019190612
3016268319
2019646270
3019635004
2019394241
3016404291
2018332445
2015639718
3015407325
2013241625
2017227942
3016182218
3019287192
3013224991
3014190447
2014008107
2017662758
3016575456
3013170569
2018679455
2014460195
3012711085
3019633041
3019937994
3018274483
3016316787
2018470551
2014058916
2018647937
2012178616
3019845828
3019565858
2019741845
3019939211
2015246970
3014235039
2012710666
3018878345
3016500323
3019181701
2016006437
3016872342
3018739508
2012263168
3019285411
3019867565
3018835254
3016990389
3015275957
3017443758
2019919741
2014445889
3015627558
2013374106
3013366126
3016036952
3016095022
2017280728
2014769220
2015696958
3014472393
3017752093
3019122736
3019327508
2019466393
3017510864
3019984246
3015277255
3019028361
2017854069
3018396251
2017707939
3016540858
2017683164
2014479145
2016004933
3015894005
3012082167
2012177163
3016023579
2016857657
3017341897
2012966255
2019284491
2013644208
3012803003
2018162031
3016510923
2013684340
3018915375
3015946467
3015929283
3015044756
3012920989
3019347462
3019531929
3012858741
3016091869
3013686132
3014948831
3016271515
3014292028
2018157357
3013160516
2017977618
3015660352
3018961540
2014879762
2018500265
3015647382
3012593955
3019982963
2013247454
3012066311
3018481831
3012940050
2013199938
3013349661
3019129864
3019083506
3014497190
2014512215
2015682228
2013073516
3018625076
2017303885
3017701320
3017352504
2019338485
3012338997
3017344518
2018461907
3016507614
3013628215
2019005883
3014023892
2014767396
3018161390
3017767452
3018909713
3019135872
3018881935
3014084336
3012627150
2013216282
2013639088
2016103314
2012297264
2013420940
3015727068
3018268015
2019311002
3013623977
3019133527
3016868875
2017844728
2013332249
3019283946
2017608322
3013624303
3018634220
3019041838
3016140242
2019098588
2013293505
3013915167
3015152530
3018383913
2018684103
3015149236
3019136043
3014150693
3017588527
3016083448
3014463369
3013677777
3014245959
3019241306
3017385634
2017852160
2017845406
3017884020
2013686851
3015853653
3019072140
3014033980
3016012939
3017798401
3018274442
3012406371
3017745399
3019979337
3014151063
3012035979
3018560902
2013983656
2015477931
3018707255
2015929561
2015037357
2013172409
3013653777
3014266233
3018343790
3019973715
3013927141
3019566838
3013698128
3013227163
2012600423
3019374960
2014440995
3019637812
3017318763
3019521491
2013417287
3012773075
2015934086
2014751345
2012496305
3018021319
2013062125
3013415592
2014896089
2017925740
2019908316
3016570957
3014350243
3014751096
3017130449
3017365906
2018946710
3013176628
3018157989
2017961067
3016213857
2012479147
3014180476
3019136791
2016161636
2012266183
3018523551
3013258640
3019406521
3014367603
3019299254
3016043234
3018623606
2013191370
3015641742
3018928002
3014228411
3012945009
3018887065
2013907220
3016220775
2018198177
3015837150
3014343811
3015892338
3012342434
2014052851
2014246836
3013406592
2012004363
3014263003
2017989497
2014596975
2014937009
3016659114
3018166497
2018029894
3016248792
2018697291
3012591786
3017802463
3017983278
3013735822
3014516012
3017210472
3017676893
2019693030
3019954499
3013725578
2016024036
2016015710
3019336689
2017284066
3018938416
3016457840
3016053912
3018532005
3019955004
3019990680
3017645831
3018747475
3019374997
3019354439
2016928150
2016644838
3014730984
3019160450
3013104460
3014219864
3018510657
3014025645
2017705132
2018869647
3012151803
3016690487
2012241674
3014081111
3012348608
2019356280
3016897511
3014751535
2015015649
3018090659
2019000151
3014761282
3014673795
2015570816
3013169981
2019869825
2018944706
3014987805
3018097515
3016414985
2019630982
3014185827
3012109814
2012800109
3017384893
3012458735
3012554529
3018988901
3016327192
2012252557
2012263563
2014376813
3012397846
3014221803
2019838736
2017589997
3017886386
2018647194
2012176614
2014454148
2013392330
2012691745
2016025398
3015524270
3019779556
3013961706
3012822922
3018751882
3016106493
3015301179
3012164851
3017356024
3016056425
3018478931
3019512109
2014596093
3018247792
3015862701
3014764591
3019130982
3014986748
3012620608
2012497287
3012348957
2012236474
3013512935
2018719249
3016688485
3019802348
3018538576
3014723436
2015360417
3013454085
3017439515
2018045831
2012603950
2016175234
3012167759
3014642931
2012914785
2019414340
3019028934
3012928670
3019224790
3019225016
2012738891
2015360180
3017165772
2016311752
2017048986
3012703330
3012314283
3012835197
3019773067
3017021207
2014708363
3016696821
3018819017
3017535213
2016951988
2018650196
2013936511
2015602626
3016806832
3019677729
2015922748
3017445963
2012366584
2018457047
3018292850
3019279529
3015944090
3015156412
3018551387
3019759029
2015256276
3015697956
2019437815
3017168439
3019036260
3013742961
3017312335
3018622622
3014286151
2019467997
2014625357
3014389635
3017798210
3012937696
2016892673
3019373422
2019556717
2014361384
2014371069
3018031503
3018970045
2018546145
3013095249
2019390760
3013695931
2012098311
2017969779
3018192571
2012000011
3015994493
2019433575
3019932876
3013967056
3013070919
2015363323
2018430474
3015029781
2019866553
3019292110
2013243164
3018640627
3012740722
3019088337
2012412223
3012947560
2014206032
2015560100
3013906696
3019418835
2016668735
2016461653
2012329458
2015738852
2013171563
2017220674
2018913118
3017442882
2015294627
3015099060
3013479462
3017538699
2015537105
2018237781
2012505519
3013732791
3017058915
2017874997
3014241322
2017706794
3012148710
3014239592
3014288237
2015255381
3015710133
3013156796
2019670923
2017045401
3012718121
2014223711
3012171226
3018387623
3013571904
3014923454
3012832435
3017674024
3016446790
2012235135
2012170602
3017755213
3016360009
3012459155
3016549925
3014698466
3018743110
3016182958
3018713406
3016521473
3012158858
2017172610
2019981850
3019931545
2015947219
2018144503
2019783904
3019226793
2019389592
3018099021
2015807080
2016010583
3018929860
3016884760
3016192506
3017590854
3017665594
2012483614
2017142368
2013208433
3016502198
2013308540
3014709543
3015078700
2014361466
3017947013
3013727599
3017437067
3018059557
3015180902
3015048155
3019128116
2019335837
3014305389
3019389826
3013206299
2012407020
2014530176
2019474295
2017587948
3018512227
2018180228
2014804676
3018718685
2015312823
3017804499
2019949051
2014072030
3012160490
3012209974
3018084610
3019181818
3014243605
3019223124
2017528470
3014902915
3014780636
3013223732
3014083542
3015122308
2015310213
2019983453
2013078674
3016643308
2017683713
2018203247
3016996852
2015474664
3012775454
2018413740
3012034097
2013725820
2016103295
2017955783
2019190909
3012140580
3017174422
2014938128
2018948748
3014238021
3019490164
3018526415
3016387690
3018736711
3014245335
2014104593
2015579351
3019304776
3017654151
3019983459
3014958839
2019454474
2019000500
3018948688
3012586011
3017024034
2018868328
3018974268
2012886896
3014972699
3017317870
2019900294
3017217698
3016884291
2019282145
3015898091
3012609265
3016228310
3018830047
2018766618
3015450422
3014089706
3016309619
3017911445
2015932527
3014663264
3017405069
2018741559
3017042324
3013248216
3014835781
3017874597
2012305436
3016320638
2018964681
3017884280
3015706904
2015441215
2018465845
2015632342
3018770509
3016306904
3015622217
2014532986
2015251685
2019319303
3018381325
2015996885
3012977878
3014784848
2017670875
2019456937
3019385752
3017231902
2018687529
3019758039
3012624100
2016357809
2012256181
2019392923
2014753464
2019962279
3014766217
3012295860
2012498780
2014358759
3013598683
2015017368
3014211878
2014532692
2013858704
3019821562
2014131763
3013064766
2014016466
3018019862
3019827281
3018533066
2014527585
2012429003
3015669838
2012407579
3016219003
3019971005
3017791837
2018740387
3016251739
2015470036
3014831610
2014606974
3019373431
3014458436
3014669058
3019864988
2019433479
3014640343
3015707231
3014678366
3013743858
2016261182
2012092802
2012248226
2018966500
3018744069
3017886866
3014827790
3015940183
3014358262
3016299677
3017586931
3018751714
3017449768
2015948978
2016770707
2016927672
3015480998
3013724132
3016268113
2014607967
3016415980
3013884389
3014767198
2019378840
2014488522
3013333248
3016145096
3016145206
3019393610
3016949770
2019345050
2017520598
3012796939
2014616002
3019499872
3013884818
2014135222
3016040966
3013845156
3017403463
3018541564
3017080969
2016165502
2013244596
2017870558
3017446866
2019460711
3016809835
3017703700
3015226296
2018838556
3018487223
2016525339
3012104180
2015874424
2015361055
3014827070
3015785097
2014204787
2017147895
2012954589
2019957147
3019569320
2016926002
2012844571
2013306265
3012798467
2018674386
3019528802
3014676251
2017874430
2018339748
3012856478
3015071902
3014879673
3015890259
2017270707
2016020650
3019373032
2019963239
3014445416
2015211931
3014708806
3013623320
2012290632
2015638024
2013277465
3017043050
3019252094
2015336109
3014955382
3013343305
2013645874
3012152757
2015256146
2012398450
2016189123
3017650283
3013862465
2012006540
3018059045
3014959486
3012630016
3017069441
2014489032
2017503182
2013376247
2013917834
3014694023
2013377079
3018393947
3014397173
3014815090
3017408305
3012553642
3019216256
2012161850
3017587404
3013457980
3015872650
3014927324
3019028250
3019983889
3016010886
2019075670
3013349558
3015487791
2018685401
2013092587
3017494286
3017741457
2019864033
2017963344
2019305067
3014452668
3013694602
2015682854
2012740349
2018479390
2019554214
2012655083
2017173006
2013131890
2014634297
2014451353
2014452903
2012804831
2015129810
3014887300
2018199883
2016029782
3018884064
3013974776
2013586924
3019801925
2019783526
3013071874
3017661467
2012594982
3019324062
2019060316
3013360679
3019567588
2012809773
3013416863
3017513170
2013294170
2017911994
3018736615
2013851026
3016867867
3015127250
2015241398
2013134120
2013320491
2012301348
3013602521
2018630863
2019317193
3013229496
3017765313
3016431539
3014644193
2014329923
3018247235
2015531716
2014326443
2016265267
3016446091
2015070240
3012348063
2017308524
3012347029
3015147088
3017911523
3013530925
3019032801
2014390176
3016078493
3016694711
3012626718
3016279988
3015463498
3016984690
2014477847
3017548813
2013968035
2016621840
2016774200
3018792650
3012143541
2015734762
3012518580
3019168279
2014808835
2012257458
3016301799
2015692698
2013925378
3015746183
3018544582
3012295696
2012292179
3016523329
3018811879
3015218372
3015892221
3016216898
2019066203
3015406666
2013482436
3018985874
3018799918
2019459403
3017961678
3015629355
2019380493
3014183892
3017844693
2014410308
3014154478
3019225904
2013725744
3018023539
3013446554
2012691012
3013924397
3018199008
2017252769
2018411031
2016385858
2017708406
2013294806
3013571881
3012438142
3014459983
2017276521
3012281319
3013491430
2012249761
3014970639
3013696477
3019750713
2019782263
3012486667
2017958519
2018726979
3016051560
3012439788
2014055549
3019625790
3017539418
3012839257
3014171396
2014621323
3018875047
3018401107
3015909222
3017883380
2012365688
2015531778
3016491568
3017434265
3014131484
2012295969
3018970087
2014247463
3019272575
3017595001
3013240588
2014531001
3014906265
3012510632
3012973261
2016804574
3012714672
3014930214
2019966414
3015814648
2013737462
3018999477
2018279215
3017140240
3015171833
3013555116
2016910286
3013769468
3017226551
3015955923
2012482083
3018705841
3014365787
2018507193
3019258857
3012080929
2019557858
2017419069
3017149272
3012975968
3013066021
2019309093
3019433151
2015761788
3018088157
3019824521
3013175628
2017172365
2013733104
2018503890
3015053326
3012492739
3019334241
3013650099
3017377551
3015177837
3018420967
3018811232
2013460563
3019952194
3018931602
3017212073
3013720754
3014825909
2019688924
2015534530
2016387218
2012599101
2014413018
3017142876
2018655944
2014892439
3017712378
2015447359
2014337081
3014825272
3016363214
3016576725
2015697582
3013922710
3014493012
2016955452
3013718162
3014250907
2012644636
3015022059
3014089420
3018991977
2017827826
3018792865
2018767593
2017526621
2019882399
3016320406
3019805414
3014143913
3013446490
2016891941
3019720916
2019969684
3019211478
2012742374
3012998211
3012619178
3016491729
3015440536
3018015575
2018915497
2019690029
2018698081
3016895186
2015939313
3014882128
3018272636
3016014607
2013292324
2019951252
2013063601
3019909352
3014204442
3017549118
2012609020
3012299143
2019458299
3017690864
2019555795
2018375434
2014874726
3019494094
2018487332
3014310449
3019325935
2018651355
2014759691
2014057993
3016822719
2015360602
2015927558
2016529275
3019415053
2017878587
3014814634
2013864831
2015030730
3018999549
2015878450
3014181542
2019740079
2012295402
2013864305
2016020109
3013369576
2014938264
3017643315
2018234314
2016169117
2012360053
3015696542
3018452244
2015014487
2018589212
3012829124
2015449068
3014416419
3013909048
2014200275
3012184619
3018657696
3019547979
3014363538
2014328423
3015641793
2016803806
2017884890
3014905384
2016924458
2018437521
2012235523
3013943451
3016197533
2019694085
2018046249
2014535757
3019789044
2019410554
2013849279
3016634138
3015074987
2014879083
2018029961
3012596450
3017367582
3017703084
2014182906
2012691547
2012697036
3012468355
3017665284
3013871898
3015305584
2012004598
3015866862
2015738542
3017374706
3014716281
3016813981
3013738392
3018667910
3017530670
2016720490
3017948634
2019370527
3015040902
2013251210
2018912830
3015868614
3018680605
2019961088
2019478175
3017025135
3018518296
2017607287
2016107694
3018554395
3013103966
2018078748
3015823428
3018310745
3014720877
3015494931
3019849705
2013865164
2012073293
3015125159
3018584007
2012632181
2013885452
3015485756
3019135136
3016329184
3014984712
3016988636
2019788938
2019959230
2017258632
3018878272
3018757711
3018859693
3019527835
2013882092
2013173414
2012494495
2012473341
2013721834
3014456692
2013872266
3015704819
3014256549
3017173689
3017523599
2013966455
3018157497
3018318169
3018858307
3016292560
3018793643
2012250614
2018317854
3016043797
3015201430
3017174881
3016310174
3014233215
2013136949
3012629617
2016566424
3015744853
3016089538
3016209498
3016706719
3014259942
3017576506
2019641239
3019850030
3015634528
2014575661
3018455722
2018426767
3019510821
2013369703
3016000672
3018923468
2019064110
3017799509
3018035676
3012383582
3016038693
3018659201
3017513687
3016226084
3013151253
3018819442
3014194736
3015704428
2013640944
2018197767
2019985008
2017918445
2016568498
3012069957
3012716332
3014766947
3014337275
3016206305
3018657123
3015308119
3013652331
2017821573
3019318529
3019536396
3012904935
3019308242
3017245303
3014994748
2018285457
3019302983
3012790852
3014191699
3016563272
2017846224
2015560928
3019385705
3015686908
3017524952
3017522533
3018427357
2013733616
3014195720
2018452950
3013949606
2018966811
3017068748
2015736573
2018307905
3016490840
3012905602
2015633736
2014059258
3015027257
3014712706
3017585133
2012604272
2019004563
3015221822
2017879639
3013257828
2013172661
3013552921
2013099093
3012455912
3017971089
3012905563
3014675012
2012652905
3018992818
3013551284
2015762559
2015536875
3015925922
2013398367
2013645181
2015603648
3019854655
2013333038
3013808133
2019913082
3019953914
3012607870
3013673568
2017410436
3015466085
3019512084
3018813600
3015991447
3019323118
3018268341
2012747945
2018615393
2016806675
3012605659
2018640801
3014027116
3014991351
3016322752
2016947854
2016010722
3017765962
3012454153
3013417133
2012002172
2013878781
2012230401
3019350496
3015903809
3017494098
2019749940
3013068733
2018838551
2012624064
3014135751
2015767258
2012636091
3016623861
2015479331
3013105025
3015692953
3012925053
3014299909
3016941629
2016921912
3013342808
3016201614
2016314977
3018199788
2015638990
3012859300
2012423226
3014518937
3017841410
3019037271
3016307663
3017387359
3017847589
3013748029
2014449300
2016008101
2016461940
3018956001
2013649447
3013427877
2018638929
3012183733
3019277410
3014660734
3019476457
3019891483
2018379031
3018601048
3014759743
2012275481
3019836904
2016923658
3016780602
3012603498
3015522552
2013417716
3014207879
2017300051
3012907725
2015940486
3013868892
3015700315
2016152635
3013534078
3012559212
2012645756
3014032564
3016032280
3013937390
2013930709
2014109353
2014106795
2015609120
3014612443
3015271011
3015457232
2013021047
2019315690
3013888097
2014984860
2016169881
2014634611
3019376274
3017949133
3014608934
3014700969
2017226301
3012390084
3016620663
2017272630
3015170800
2016707705
3016311899
3012491856
3019726010
2014447485
2015769993
3018548926
2014247090
2016512735
3017368684
3016368813
2019682789
2017927021
2019068638
2018036996
3014459188
3012632376
3017884207
2017914871
2013097397
3012286275
3017573170
3018019853
3019483361
3012641089
3019858909
3019808006
3012439266
3012096091
3013526993
2013328083
3017653066
3015694143
2019066040
2019337491
3013405408
3012795623
2016029456
3016874627
3018520062
2012090241
3014592542
3016651075
3014278040
2012178664
2019955911
2019150286
3019907238
3019215358
3015464106
2013374455
3016948448
3018757459
2019966558
2018400546
3017659444
2015311069
3018155198
3014835786
3015678284
2015923807
2015603997
3015806136
2012717854
3015528281
3017227427
3018635275
2013682928
3014216038
2013486929
2012401066
2016319905
3018530116
3015174531
2018301563
3018810708
3019274307
2012744305
3017523134
2016664212
3016206353
2015686990
2017618624
3017210638
3016492465
3018999204
3012646858
2012804271
2012075474
2018674841
3018632086
3014865644
2012871206
3017643870
3017385836
3015527273
2017929441
3018265196
2018544808
3013102400
3013944215
3018856368
3018461745
2014809963
2012094036
3012453712
2018432736
3015136345
3013130580
2013412793
2017822132
2014981721
2016910743
3015175331
2012250757
3019524908
3013470259
2014534692
2019471820
3015461172
2018838540
2019451834
2012489347
2012802386
3016032752
2015939547
3012104144
3019853746
2016268865
2019150730
3013258127
3013258743
2018173961
3012559732
2017416167
3013073786
2018839873
3012181711
3014367984
3016829252
2014201811
3019779625
3016658944
2014415377
2013907721
3018389350
3013740210
2015471480
3017445796
3019901973
3019867582
3017442217
3016523851
3019772053
2015721106
3016573906
3018846761
2013171004
3013538767
2017962200
2015253323
3017137137
2018317087
2013872329
2012914100
2012641383
3014463280
2014056613
3019050605
3018601258
2013961331
2013421448
3018874726
3016413172
2017500386
3012701441
3015812843
2013915570
3012800919
3019945375
2013134100
3017518069
2018548497
3013874296
3018900870
2015953055
3013517104
2018456993
2019999691
2013687724
2016779548
3015287317
3014451417
2019090486
3019511208
2016312902
2013370458
2013696021
3012802229
2015937463
3016176357
2019461145
3015709291
3016101054
3014711500
2016925606
2012395331
3012208032
3017349432
3019951373
2013294839
3012404981
3016041245
3013938039
2014871320
3019756751
3012536313
2013374526
3013164292
2012304156
3015994806
3015201690
2013917921
2017978525
2012595280
3014325525
3019016152
2013949140
3018892404
2016386736
3013728688
3016396593
2012884160
3013551127
2012323940
3013946730
3015902897
3018021969
3018318352
2014342430
2014874296
2012464818
3014712346
2014536491
3017828360
3015776741
3019298954
3017238097
3016096506
3016308535
3013007484
2016354085
2013886792
3019377840
3016568233
2019888359
3015741937
3012158425
2017046017
2018364833
3013723486
3018726669
2014352681
2018410603
2014704467
3015465460
2016103262
3013958708
2019677749
3012636431
3017978250
3019422639
2013469908
2015681486
2015838668
2013739706
2015696882
2019442963
3016038628
3013526833
3018844527
2017258266
3012182093
2016590277
3013522343
2018549734
2012596268
2012073165
3019077967
3017759245
3018941714
2018481787
3017590915
3016578224
3013505032
3015814185
3013575285
3018249922
2018042061
2014376976
3015959855
2016566945
2016514100
2012164520
3019054578
3019053970
3019845757
2018365373
2013874764
2013867743
3016861565
3015595884
3018563296
3018948482
2012622298
3014325097
2016171506
3012411440
2015639825
3012515280
2016898637
3017584585
3017590833
3019132206
2015859590
3018643347
2018154327
2015052800
2019902905
3012937998
2016890660
3017371643
3019786009
2013857879
3019484230
2016164504
2018289313
3013753222
2012659842
3014491642
3017220247
3018014836
3014222408
3014741202
2016539598
3016942487
3017451100
3012634594
3017791642
3015460018
3019624917
3018633636
3015850334
3015650477
3016300536
3015792607
3016435644
3019338486
3013760261
2019837002
3017451686
3018515519
2012805516
3016204717
2015877153
2014446109
3019396425
3015408259
3015728281
3013956007
3013713821
3013940705
2014576199
3016780080
2018724567
3018910201
2015946415
2013208847
3015142988
2015292420
2014625699
2018165502
3015302721
3015645809
3012557808
2015442413
2018461001
3014318113
2018638375
3016780347
2019909850
3013478469
3012587304
2017291851
3014162481
3016701065
3017361082
2014889771
3015901222
3018793109
2012919820
2017914890
2017294494
2018655098
2014531339
3017211928
2012845269
3014390151
3013226873
3016142633
3016574494
3014639708
3019011871
3017964915
2017143719
2017975803
2016108447
3017310903
2018541166
3017628359
3013742078
3012060927
3012181109
2013867722
3012712912
3015163776
3016499488
3013968036
3019858815
3014747391
2018655149
3019222431
3014194635
2012276159
3018853902
2013914614
3014866024
3018631856
2016121427
3012083975
3012092950
2019464461
3014497991
2013298812
3014325050
3016097348
3016170796
2014576822
3016968541
3017677278
3012286077
2018043550
2012264487
3016703488
3015966203
2012659576
3019807563
2012594079
2014249653
3014649227
2018157150
2016173650
3019288313
3018908966
3012466843
3016146228
3012146092
3012613689
3017621444
3012740119
3014525709
3013964495
3016869953
2016841258
3012553860
2018020804
3013515132
2016940065
2012506428
3016301420
3019952143
2013733973
2018372116
3014495206
3019077519
2019303569
2016648617
2012612878
2015502617
3015999326
2014057086
2016175158
2012476597
3014252149
2013685667
3015188716
3013429947
3014139778
2017390186
3014474035
3013841748
3015957778
3013405938
2017126339
2014189100
3014196847
3013165445
3017084618
3017809525
3018939023
3013966569
3019872025
3018434248
3017730613
3015861247
3013698149
3017767943
3019931122
2018044352
3014839340
2016019568
2015687352
3017258011
3014800693
2016385964
2016562736
3014931993
3013245867
2012166123
3015947308
3018394499
3017790850
2014345167
3018710856
3017431570
3014516292
2014878781
3017871230
3019038314
2013631005
3019277897
2012407527
2014707744
3018387813
3014294945
2013191702
3014900167
2012137733
3018369931
3013750082
3017258681
3014249221
3019257073
3016633512
3015482372
3019878669
3016419850
2012254034
3016643874
3019826092
2016464918
3019950902
3016143190
2018271929
3018261852
2014639139
2014390290
3012334988
3016967663
3015718495
3014228972
3012861374
2018154847
3017179182
3017901360
2012593513
3019334157
3016870993
2019690752
2012465006
3018035109
3015523649
2018257604
2016915729
2013024205
2012070831
2014101939
3015590194
3017041698
3014471613
2015507232
2015933591
2016010810
2019968451
3019303407
2015361164
3013692877
3018409197
2018689086
3018152814
3013988947
2015588000
2012736439
3019512851
3014141893
2012250413
3014664175
2014758474
2014764893
3014572782
3014145216
3015459419
3016561170
3014863569
3015814199
3018967395
2012889853
3014251649
3019017041
3018566797
2012644782
3018601167
3015048464
3015091803
2016268745
3018813010
2019913776
2019676266
2018193809
3017637475
3013362830
3012958793
3016810535
3012156254
2016351684
2018020182
3013914413
3015492642
2015560344
3019122419
2013636351
2017520574
2015217900
2012298538
2014051367
3013172000
3012797829
3019530554
3019355052
3017467366
2018675316
2012643589
2019990798
2015056385
3014750845
2015125268
3017466646
3015663136
2015853750
3017298588
2012271150
2017661596
2017607748
3017547569
3017964832
3018730775
3019484093
3017239254
3013402221
3015800194
2019392892
3019279871
3016306405
2015506892
2018408192
3013658967
3014496381
2014805454
3019519183
3012089664
2013885806
3014416890
3013478559
2013468785
3013499194
3015690936
3014570340
3017334381
3012489146
3017241779
2018030597
3012494360
2014704475
2014077347
3012368687
3014039927
2017045019
3017821987
3019240733
3017447677
2015997306
3019249899
3012606320
3019956360
3015698357
2018868827
3018816994
2015012335
3012511977
3012468976
2012395669
3013759915
3017593944
3017871976
2013948258
3017211168
3015090484
3017058820
2012965576
3016802713
3016171848
2015634903
3014022856
2018748779
3018017833
3012996402
3014455850
2019943048
2018369883
2017612813
3013941955
3013925666
2017688142
3013749126
3016522985
2012642307
2018692480
3019526911
3014383977
2015876149
3019469512
3019902076
3013739573
3014247641
3018685551
2012492389
3019417581
3012160442
2014638628
3019182057
3014731650
2017702407
2014875158
3018522318
3012401068
3018745057
2014480088
2012519821
2014884260
3019670867
2012097623
2012615447
2019152005
3013157942
3019498144
2017412618
2017702334
2019697268
2015737221
2019887996
2016002727
3013691422
3014599268
3018473650
2013702356
3018983527
3016884222
2018152451
2014601170
2017824169
3016877421
3019951426
3018638897
3012947355
3014534227
3013979431
2016921185
3018268706
3016693887
3013413406
2015449458
3016255385
2018179613
3019974512
2019060178
2013431640
3013518810
3018120230
3016943593
2014448247
3014835348
2018450229
3015893259
3017318443
2016188011
3013876092
3018584941
2018839725
3012381480
2019391566
3012771139
3018556861
3012434578
3019846256
3012610685
3019936730
2014520767
3014518875
3019335103
3015077465
2012622335
3018972288
2013693820
3014667638
3012142993
2013425739
3018704047
2013881034
3018058167
3015833924
3018484121
3019771531
3019331709
3012533577
3015771077
3019614179
3018965929
3018269216
3015993568
3016945407
3019460738
2012224654
2016718393
2012804814
3014747029
3015689252
2014405466
3018457617
2016184993
3018716327
3015598723
3012456714
2015735501
3018511121
3016310783
3012903034
2019850165
2013981869
2012638817
2014989162
3014931555
3014672287
3015930250
3014599033
2019334212
2012251866
3017258579
2018431196
3013742786
3019860007
3017538934
3017230797
3017592059
2015835732
3017971088
2017871178
3016802800
3019387868
3012705069
3013072950
2014003536
2012367128
3013978988
2016562988
2012800906
3017533125
3017710172
3014980170
3019844618
3019782896
3012865973
2013365569
2016344253
2019443719
3012167786
3014459122
2017258151
2014204482
3015927612
2015679729
2013240129
3014476964
2018668368
3014074010
2015076056
3017236180
3017330902
2013588496
3013167495
3013605457
2015761767
3017210702
2013580581
3013429093
3015528441
2012800118
2016384673
3012386862
2017858416
3014144614
2015303887
3015335486
3015853390
3017752019
2014079203
3013919060
2018543086
2014933268
3015837717
2018367609
2019064835
3015223086
3012053272
2014767049
2012710941
3016875465
2018676723
3012652790
2012427749
3017740794
3016635495
2015473288
3017221438
2017501248
3013710028
2019318058
3018743250
2019358088
3016052440
2014885203
3014133431
2012008582
2017502646
3012161919
3017353877
3017747931
3018366284
3015931729
2018199390
3017829402
2018306540
3014977406
2013331437
2013583714
3015929232
3016809169
2016700675
3017887655
3012168811
2019354902
3018623091
3014606601
2014356080
3014812988
3012556612
3012239684
3013538750
3012167413
3016516417
3017869986
3012033245
3017499940
3013243010
3012349145
2017176241
3018031779
2018966226
3012189632
2019851445
2019437275
3017850863
3016450644
2014629247
3014431927
2017949103
2017251236
2012500544
3014864507
3016459240
3013307381
2015213637
3012451864
2014376443
2018197895
2015606602
2018374502
2019536534
2016663879
3017131471
3017871001
2019552847
3018277014
3015308283
3016068265
2018489091
3016278302
3014947704
2017298587
2018626681
3013156922
2018868940
3015124992
3018927865
3012556377
3016443226
3019725231
3016647210
2019886787
2013855919
3014885321
2012072964
3019281989
2012481421
3014729062
2015254611
2015939087
3012159514
3016105211
3016684097
2019882145
3019012843
3014390969
3018655848
2017941990
3019851057
3018977840
3019515495
3012168744
3016033735
2019861205
3014609949
3014961191
2014706692
3013503366
3013416800
2018607284
2013431715
2013906328
3018297925
2015727698
2019538231
2018289074
2018910422
2015735260
2019382321
2013133697
3012201960
3012413281
3015819518
2013588960
3018710136
3016441731
3018342844
3019996690
3012238432
3014718932
3014085078
3016965490
2018178168
3015901433
2016911190
2018636264
2019957909
3019861692
3019540069
3017149139
2019067390
3019297520
2018585554
3014713638
3014334300
3015125820
2016343979
2019338218
3014962329
2019550636
3012360840
3015449756
2014634757
3018607387
3013005834
3014641778
3014277254
2019313455
3018977544
2012503451
2018201923
3018872788
3012708252
2017398999
2017854840
3013207357
2012291351
3018013308
3013308311
3015441912
3017390017
3014763001
3016868141
2013688590
2019905007
3018380903
3014368387
3017668534
2018152069
3012513112
3015852635
2019989407
3014259650
3012282402
3014744883
3017740198
3019563619
3017705771
3013534784
2012401560
3015895614
2018182622
2013252527
2012655102
3012714529
3019432981
3019037177
3014165428
2014445544
2018074425
3019489966
2015296143
2019006394
2016527852
3016303281
3017876775
2018740759
3012172231
2014809031
3015711270
3019481167
2018422052
3014510790
2015033770
3012293788
2019436054
2019788626
3016692261
3014000653
3016571559
3019621118
3012031682
3013161038
2018288746
3012559931
2019887968
2019850963
2016846150
2019280442
3015882523
3012188588
2018943222
2016312416
3013093570
3013062658
3012121766
2019788118
3014309106
3013400025
3017693125
2015574631
3018564686
3016987632
3016787865
3014920049
3015873957
3016224036
2017049676
2012911007
2018046632
3017732862
3019439720
2012730893
3012824301
3014789846
2012627925
2017847639
3016689231
2019195552
3017464612
3015050293
3018346028
2012846037
3019702140
2014416728
3014610800
3017172402
3013803596
3017318232
2015808705
3016206451
2015017318
3012823604
3015789365
3012058333
2012277756
3015203478
2014101783
3014432236
3016005793
2013321958
3015722808
3016811970
3016395358
2019643341
3013366374
3013911965
3013512401
3017710696
3016965368
3016452431
3014006672
2014104806
2014570185
2012229444
3015213093
2013696740
3018727823
3014787745
2013586415
2017391846
2014539231
2015257793
3016183261
2016947847
3014665293
3019823629
2013246944
3014516155
2019064701
3017584813
3013926136
3019393128
3013677758
2019418763
2015295812
3017587268
3012409654
3019906157
3014025740
2018711775
3014692078
3012823448
3016686886
3012239092
2019857953
2016954467
3014864042
2017681045
3014865047
3018693697
3013901140
2017661137
3019381501
3014384610
2019687180
2016945253
3015868221
2019902303
3018057155
3018368013
3018831898
3013958213
3012152506
2018152907
2015933280
2018286879
2012461891
3017061880
2016520406
3012706036
3019989405
3014970237
2012884901
3015788115
2017035946
3012778481
2016528588
2013415826
3012430132
2014487960
2018481365
2018611038
2018470805
3015776939
2012643393
2015930109
3018090778
3014493882
3016180358
2013644149
2012294052
2012163547
2013067673
3019543543
2016357811
2012169705
3014513501
2017419423
3014235551
2012423697
2014876372
3012159437
2014483209
3019324616
3016891962
2015569475
2012599734
3017777888
3013241293
3019378108
2014395970
3017049647
3013501363
3017371547
2019780064
3017576941
3017772399
3013682669
2012745531
3016563197
2019964074
3015811766
3014603415
3012054119
3017742035
2015936824
3014237415
2018367593
3012295710
3016103244
2017910553
3015524754
3013000026
3012791828
3018030850
3019181489
3014575890
3013559156
3012387465
2012639312
3013077231
2016648926
3017635823
2017588146
3013309676
3012067251
2019914468
3015481073
2012224226
2015122501
3014273314
3019848334
3018967438
3012834833
2017583121
2019383756
2015567855
2013199237
2012436423
3017383554
2012631860
3016098183
3018721843
3017349541
3013732711
3013133767
2018450299
3016210818
3014203759
3012369074
3014194146
3019089387
2014019698
2012438276
2018712279
3019180906
3018912838
3015717175
2012497712
2018311500
2015946177
3018702014
2015502430
2014461190
3017497853
3016702814
3015459623
2014245800
2019647896
2013964798
2014700136
2017843528
3013674365
2012881839
2012466111
2013270512
3015749187
2017270826
3013826498
3018722586
3016410757
2019691707
3017725246
2014455897
3013361435
2019554789
2015241968
2012171305
2013686325
2019904630
2018717276
2018746575
2018459956
3014745461
2012296045
3014533013
3018891354
2019677618
2017419870
3018451991
2014626662
3014492151
2012635866
3012056834
2016012614
3019134408
3016699777
3012650517
3017051947
2019902515
2014769422
2018439990
2013419399
2013582543
2013398247
3019934222
3016451558
3019536865
3014741835
3013989313
3015442777
3013765499
3012166081
2013392941
3015129073
3014270455
3014313148
3018779664
3018758530
3016207043
2012967471
3012592557
2018078165
2015947158
2014754902
2019867391
3012518001
3016388127
2018695278
3013150310
3016958231
2019780522
3016445748
3014602445
2019881563
3013769206
3013678987
3013608039
2014375099
3019872591
3013425188
3019613748
3019348446
3019326870
3019953867
3017775039
2014182575
2019077166
2018202217
3015448712
3016097238
3012538968
2019856576
2019787086
2018642525
3015983554
3014953020
3014531729
3018020512
2016266152
3019186552
3018891264
2015034050
3014519583
3017914597
3015208935
2013683415
3018276626
2019157191
3016257641
3012060631
2014357870
3016682203
3015851982
3018976850
3015716757
3012056390
2017122436
3017538041
2017976539
2013913773
2015129744
2018192326
3014157655
3014694035
2012912268
2015039906
2012230816
2019972330
2014930414
3016784042
2019450463
3017080175
3019398260
3013767088
2018046392
3017376747
3015457714
3014805996
3018312097
3014134011
3016806643
3017332871
3015049498
3015984520
2014474271
2012262842
2017586921
3016196378
3018366295
3014535396
2013682332
3016504926
3019862519
2018620857
3014005715
3013228675
3017859229
3019483541
3012825584
2014378281
2018072923
2018238689
2018543802
3016547725
3014265490
3017495938
3017657901
2012739383
2017295355
3013133581
3014748822
2016163499
3017973914
3013576526
3016444609
2018541652
2013250043
3019411628
3012203341
2015850525
2016772791
3018873082
2017674031
3012646587
3014333582
3019051235
2019416808
3019344455
2013203523
2013374277
3016302291
2014073861
3014149653
2015030208
3016881921
2018018707
3016089895
3017850773
3018389693
2018364560
2017042421
3012771250
2018765577
3017694351
3017083901
3016392873
2012166621
2013365791
2018720510
3013600762
3018973833
3019897050
2015728499
3016571672
3016306286
3016440883
3018562743
3014133752
3014131183
2013327636
3016453467
3018291368
3012861880
3019468412
3017544253
2015122349
3014978587
2013099812
2012321112
3017459025
3015790402
3018055920
2019692033
3019214732
3015637407
3015825838
3015461498
3014759995
3014535187
3016516105
2012004395
3018910679
2018010300
2017502748
2015837424
3018266939
3014908300
2019336415
2019391671
3014892464
3012792204
2014180904
2015836906
3019183890
2012321376
2014703904
3017217282
3016247636
2017853011
3016449836
3014026199
3019547139
3019820457
2013879308
3019426626
3014805584
3015046538
3014230314
3018124780
3016326207
2016127924
3012518390
2013257607
2019197824
2018309853
3018951227
2012740240
3014823431
3015129411
2018193018
3013192191
3016319441
3015122201
3016383450
2012849417
2019022100
3018278380
3014819972
3012062514
2012736945
2019460540
2018039762
3019971190
3013251254